6 8 7 1 2 4 3 9 5 
1 2 4 3 9 5 6 8 7 
3 9 5 6 8 7 1 2 4 
8 7 1 2 4 3 9 5 6 
2 4 3 9 5 6 8 7 1 
9 5 6 8 7 1 2 4 3 
7 1 2 4 3 9 5 6 8 
4 3 9 5 6 8 7 1 2 
5 6 8 7 1 2 4 3 9 

6 8 7 1 2 4 3 9 5 
1 2 4 3 9 5 6 8 7 
3 9 5 6 8 7 1 2 4 
8 7 1 2 4 3 9 5 6 
2 4 3 9 5 6 8 7 1 
9 5 6 8 7 1 2 4 3 
7 1 2 4 3 9 5 6 8 
5 6 8 7 1 2 4 3 9 
4 3 9 5 6 8 7 1 2 

6 8 7 1 2 4 3 9 5 
1 2 4 3 9 5 6 8 7 
3 9 5 6 8 7 1 2 4 
8 7 1 2 4 3 9 5 6 
2 4 3 9 5 6 8 7 1 
9 5 6 8 7 1 2 4 3 
4 3 9 5 6 8 7 1 2 
7 1 2 4 3 9 5 6 8 
5 6 8 7 1 2 4 3 9 

6 8 7 1 2 4 3 9 5 
1 2 4 3 9 5 6 8 7 
3 9 5 6 8 7 1 2 4 
8 7 1 2 4 3 9 5 6 
2 4 3 9 5 6 8 7 1 
9 5 6 8 7 1 2 4 3 
4 3 9 5 6 8 7 1 2 
5 6 8 7 1 2 4 3 9 
7 1 2 4 3 9 5 6 8 

6 8 7 1 2 4 3 9 5 
1 2 4 3 9 5 6 8 7 
3 9 5 6 8 7 1 2 4 
8 7 1 2 4 3 9 5 6 
2 4 3 9 5 6 8 7 1 
9 5 6 8 7 1 2 4 3 
5 6 8 7 1 2 4 3 9 
4 3 9 5 6 8 7 1 2 
7 1 2 4 3 9 5 6 8 

6 8 7 1 2 4 3 9 5 
1 2 4 3 9 5 6 8 7 
3 9 5 6 8 7 1 2 4 
8 7 1 2 4 3 9 5 6 
2 4 3 9 5 6 8 7 1 
9 5 6 8 7 1 2 4 3 
5 6 8 7 1 2 4 3 9 
7 1 2 4 3 9 5 6 8 
4 3 9 5 6 8 7 1 2 

6 8 7 1 2 4 3 9 5 
1 2 4 3 9 5 6 8 7 
3 9 5 6 8 7 1 2 4 
2 4 3 9 5 6 8 7 1 
8 7 1 2 4 3 9 5 6 
9 5 6 8 7 1 2 4 3 
7 1 2 4 3 9 5 6 8 
4 3 9 5 6 8 7 1 2 
5 6 8 7 1 2 4 3 9 

6 8 7 1 2 4 3 9 5 
1 2 4 3 9 5 6 8 7 
3 9 5 6 8 7 1 2 4 
2 4 3 9 5 6 8 7 1 
8 7 1 2 4 3 9 5 6 
9 5 6 8 7 1 2 4 3 
7 1 2 4 3 9 5 6 8 
5 6 8 7 1 2 4 3 9 
4 3 9 5 6 8 7 1 2 

6 8 7 1 2 4 3 9 5 
1 2 4 3 9 5 6 8 7 
3 9 5 6 8 7 1 2 4 
2 4 3 9 5 6 8 7 1 
8 7 1 2 4 3 9 5 6 
9 5 6 8 7 1 2 4 3 
4 3 9 5 6 8 7 1 2 
7 1 2 4 3 9 5 6 8 
5 6 8 7 1 2 4 3 9 

6 8 7 1 2 4 3 9 5 
1 2 4 3 9 5 6 8 7 
3 9 5 6 8 7 1 2 4 
2 4 3 9 5 6 8 7 1 
8 7 1 2 4 3 9 5 6 
9 5 6 8 7 1 2 4 3 
4 3 9 5 6 8 7 1 2 
5 6 8 7 1 2 4 3 9 
7 1 2 4 3 9 5 6 8 

6 8 7 1 2 4 3 9 5 
1 2 4 3 9 5 6 8 7 
3 9 5 6 8 7 1 2 4 
2 4 3 9 5 6 8 7 1 
8 7 1 2 4 3 9 5 6 
9 5 6 8 7 1 2 4 3 
5 6 8 7 1 2 4 3 9 
4 3 9 5 6 8 7 1 2 
7 1 2 4 3 9 5 6 8 

6 8 7 1 2 4 3 9 5 
1 2 4 3 9 5 6 8 7 
3 9 5 6 8 7 1 2 4 
2 4 3 9 5 6 8 7 1 
8 7 1 2 4 3 9 5 6 
9 5 6 8 7 1 2 4 3 
5 6 8 7 1 2 4 3 9 
7 1 2 4 3 9 5 6 8 
4 3 9 5 6 8 7 1 2 

6 8 7 1 2 4 3 9 5 
1 2 4 3 9 5 6 8 7 
3 9 5 6 8 7 1 2 4 
9 5 6 8 7 1 2 4 3 
2 4 3 9 5 6 8 7 1 
8 7 1 2 4 3 9 5 6 
7 1 2 4 3 9 5 6 8 
4 3 9 5 6 8 7 1 2 
5 6 8 7 1 2 4 3 9 

6 8 7 1 2 4 3 9 5 
1 2 4 3 9 5 6 8 7 
3 9 5 6 8 7 1 2 4 
9 5 6 8 7 1 2 4 3 
2 4 3 9 5 6 8 7 1 
8 7 1 2 4 3 9 5 6 
7 1 2 4 3 9 5 6 8 
5 6 8 7 1 2 4 3 9 
4 3 9 5 6 8 7 1 2 

6 8 7 1 2 4 3 9 5 
1 2 4 3 9 5 6 8 7 
3 9 5 6 8 7 1 2 4 
9 5 6 8 7 1 2 4 3 
2 4 3 9 5 6 8 7 1 
8 7 1 2 4 3 9 5 6 
4 3 9 5 6 8 7 1 2 
7 1 2 4 3 9 5 6 8 
5 6 8 7 1 2 4 3 9 

6 8 7 1 2 4 3 9 5 
1 2 4 3 9 5 6 8 7 
3 9 5 6 8 7 1 2 4 
9 5 6 8 7 1 2 4 3 
2 4 3 9 5 6 8 7 1 
8 7 1 2 4 3 9 5 6 
4 3 9 5 6 8 7 1 2 
5 6 8 7 1 2 4 3 9 
7 1 2 4 3 9 5 6 8 

6 8 7 1 2 4 3 9 5 
1 2 4 3 9 5 6 8 7 
3 9 5 6 8 7 1 2 4 
9 5 6 8 7 1 2 4 3 
2 4 3 9 5 6 8 7 1 
8 7 1 2 4 3 9 5 6 
5 6 8 7 1 2 4 3 9 
4 3 9 5 6 8 7 1 2 
7 1 2 4 3 9 5 6 8 

6 8 7 1 2 4 3 9 5 
1 2 4 3 9 5 6 8 7 
3 9 5 6 8 7 1 2 4 
9 5 6 8 7 1 2 4 3 
2 4 3 9 5 6 8 7 1 
8 7 1 2 4 3 9 5 6 
5 6 8 7 1 2 4 3 9 
7 1 2 4 3 9 5 6 8 
4 3 9 5 6 8 7 1 2 

6 8 7 1 2 4 3 9 5 
1 2 4 3 9 5 6 8 7 
3 9 5 6 8 7 1 2 4 
8 7 1 2 4 3 9 5 6 
2 4 3 9 5 6 8 7 1 
9 5 6 8 7 1 2 4 3 
7 1 2 4 3 9 5 6 8 
4 3 9 5 6 8 7 1 2 
5 6 8 7 1 2 4 3 9 

6 8 7 1 2 4 3 9 5 
1 2 4 3 9 5 6 8 7 
3 9 5 6 8 7 1 2 4 
8 7 1 2 4 3 9 5 6 
2 4 3 9 5 6 8 7 1 
9 5 6 8 7 1 2 4 3 
7 1 2 4 3 9 5 6 8 
5 6 8 7 1 2 4 3 9 
4 3 9 5 6 8 7 1 2 

