6 8 7 1 0 4 3 0 5 
1 2 4 0 9 0 6 0 7 
3 0 5 6 0 7 1 2 0 
0 7 1 2 4 3 9 5 6 
2 4 3 9 0 6 8 7 1 
9 5 0 8 7 1 0 0 3 
7 1 0 4 3 0 0 6 8 
4 3 9 5 6 8 7 1 2 
0 0 8 7 1 0 4 3 0 

6 8 0 1 0 4 3 9 5 
0 2 0 3 9 5 0 8 7 
3 9 5 6 8 7 1 0 4 
8 0 1 2 4 0 9 5 6 
2 4 3 0 0 6 0 0 1 
9 0 6 8 7 1 2 4 3 
7 1 2 4 3 9 5 6 0 
5 6 8 7 0 0 4 0 9 
0 3 0 5 6 8 0 1 2 

6 8 7 1 2 4 3 0 5 
1 0 4 0 0 5 6 8 7 
0 9 0 6 8 7 0 2 4 
0 7 0 2 4 3 9 5 6 
2 4 3 0 5 6 8 7 1 
9 5 0 0 7 0 2 0 3 
4 0 9 5 0 8 7 1 2 
7 1 2 0 3 9 5 6 0 
5 6 8 7 0 0 4 3 9 

