6 8 7 1 2 4 3 9 5 
1 2 4 3 9 5 6 8 7 
3 9 5 6 8 7 1 2 4 
8 7 1 2 4 3 9 5 6 
2 4 3 9 5 6 8 7 1 
9 5 6 8 7 1 2 4 3 
7 1 2 4 3 9 5 6 8 
4 3 9 5 6 8 7 1 2 
5 6 8 7 1 2 4 3 9 

6 8 7 1 2 4 3 9 5 
1 2 4 3 9 5 6 8 7 
3 9 5 6 8 7 1 2 4 
8 7 1 2 4 3 9 5 6 
2 4 3 9 5 6 8 7 1 
9 5 6 8 7 1 2 4 3 
7 1 2 4 3 9 5 6 8 
5 6 8 7 1 2 4 3 9 
4 3 9 5 6 8 7 1 2 

6 8 7 1 2 4 3 9 5 
1 2 4 3 9 5 6 8 7 
3 9 5 6 8 7 1 2 4 
8 7 1 2 4 3 9 5 6 
2 4 3 9 5 6 8 7 1 
9 5 6 8 7 1 2 4 3 
4 3 9 5 6 8 7 1 2 
7 1 2 4 3 9 5 6 8 
5 6 8 7 1 2 4 3 9 

